structure(c(0.00115484948569311, 0.000579443679985236, 0.00172600779991657, 
0.000374424658653125, -0.00183973695448416, 0.00127182871410965, 
-0.00186420457294608, 0.00197955852261129, 0.00059959419434117, 
-0.000128292709322463, -0.00082587654484702, 0.00136835930711192, 
0.00146213561129663, -0.00160109442528066, -0.00250509026168123, 
-0.0006798584203372, 1.74135928336877e-05, -0.000112636410103454, 
-0.000333048503239214, -0.000768655268497336, -0.000599063134094962, 
0.0012249451112214, 3.42265730468984e-06, -1.6006728467817e-06, 
3.45781860947414e-06, -0.00619350827084351, 0.00783967207942713, 
-0.00685405362042744, 0.00371149120266058, 0.00160659301132193, 
-0.00369564309015236, 0.000579443680016568, 0.000309910820573306, 
0.000775972668226757, 0.000115060717355034, -0.000886067874054962, 
0.000601301577974578, -0.000883621220922766, 0.000927091791126844, 
0.000264264830138413, -7.54366093167845e-05, -0.000359969122158806, 
0.00146213561128845, 0.00156262609573375, -0.00170975483124612, 
-0.00267679859046432, -0.000725922678399116, 1.94249863691531e-05, 
-0.000120106874873763, -0.000354446182968179, -0.000819897506066354, 
-0.000640329774041589, 0.0013095382465557, 3.93556512125498e-06, 
-2.01298536455205e-06, 3.99716529476546e-06, -0.00170509554722894, 
0.00304293672353243, -0.00198573834442644, 0.00117812588508956, 
0.000803752927951646, -0.00115767065171775, 0.00172600779986625, 
0.00077597266822314, 0.00300354941181926, 0.000902308053703348, 
-0.00292390707669301, 0.00207399345993728, -0.00302980419872973, 
0.00327011493451227, 0.00106816850713565, -0.000139863102717268, 
-0.0014903189854064, -0.00160109442529352, -0.00170975483121885, 
0.00187748061281057, 0.00293110552217368, 0.000797446199793616, 
-1.7277554597957e-05, 0.000132691841203894, 0.000395099540022122, 
0.000904806304762353, 0.000700166979929772, -0.00143090334770262, 
-5.32112976293947e-06, 3.29999816579999e-06, -5.47394568512858e-06, 
-0.0158761727465676, 0.0159229221586788, -0.0170610587034133, 
0.00877589333757344, 0.00241058069814893, -0.00879111946487284, 
0.000374424658699503, 0.000115060717371478, 0.00090230805377585, 
0.000398455603601115, -0.000737377904365733, 0.000552342148394783, 
-0.000801361392102655, 0.000893651636467207, 0.00033348131086809, 
3.52257399249504e-07, -0.000474721004380256, -0.00250509026155982, 
-0.00267679859040344, 0.00293110552205243, 0.00458615819074064, 
0.00124457926419487, -3.19351138480565e-05, 0.000206170118231449, 
0.000609624345932235, 0.00140709077969131, 0.00109674103819814, 
-0.00224260799084516, -7.32764911741784e-06, 4.08289180883053e-06, 
-7.48281048231408e-06, -0.00735208824233135, 0.00593651483714044, 
-0.00774125397064358, 0.00381003062316166, 0.000529149053857916, 
-0.00384368965117817, -0.00183973695446175, -0.000886067874033766, 
-0.00292390707670585, -0.000737377904321163, 0.0030024573800524, 
-0.00209727257658281, 0.00306993887140085, -0.00328162409945251, 
-0.00102590782690024, 0.000183052733987862, 0.00142090911942919, 
-0.000679858420267247, -0.00072592267840145, 0.000797446199768311, 
0.00124457926424445, 0.000338751103584798, -7.1507887611727e-06, 
5.64194748216422e-05, 0.00016809058790182, 0.000384534018953753, 
0.000297251207177389, -0.000607419490283003, -1.1620637499368e-06, 
2.09925793124051e-07, -1.13307336946421e-06, 0.0125798117699957, 
-0.0142121343436822, 0.0137298409249385, -0.00723607505276871, 
-0.00256397515031402, 0.00723477902914839, 0.00127182871406278, 
0.0006013015779353, 0.00207399345996546, 0.000552342148363223, 
-0.00209727257655876, 0.00147144795690275, -0.00215253354835067, 
0.00230729086516711, 0.000730642696775889, -0.000120044796643357, 
-0.00101413327586104, 1.74135928721125e-05, 1.94249863681045e-05, 
-1.72775546490195e-05, -3.19351138476871e-05, -7.15078881667894e-06, 
2.58620834322004e-06, -7.39450994048394e-07, -1.13118987009415e-07, 
-5.64431240763007e-06, -8.22711230632375e-06, 1.74202780649069e-05, 
-4.95399287400483e-07, 5.63294839456116e-07, -5.40367540883297e-07, 
-0.00952882475853622, 0.0103546293831511, -0.0103305152804583, 
0.00540827427522699, 0.00177286043939157, -0.0054035719948465, 
-0.00186420457287816, -0.000883621220867214, -0.00302980419874576, 
-0.000801361392048121, 0.00306993887134853, -0.00215253354835766, 
0.00314928408436119, -0.0033745124337291, -0.00106674417106159, 
0.000177292108824498, 0.00148026827245711, -0.000112636410029544, 
-0.000120106874817808, 0.000132691841239817, 0.000206170118145364, 
5.64194747402799e-05, -7.39451011331322e-07, 9.49247559156066e-06, 
2.86251170634281e-05, 6.44937654594633e-05, 4.9129188253825e-05, 
-0.000100271039544702, 4.72293989274665e-07, -6.87133095287043e-07, 
5.34063934634192e-07, 0.0137945141646446, -0.0150667507564716, 
0.0149890755077053, -0.00784319196097856, -0.00259947415475182, 
0.00784706291777012, 0.00197955852262887, 0.000927091791084938, 
0.00327011493440886, 0.000893651636438899, -0.00328162409946706, 
0.00230729086523429, -0.0033745124337388, 0.0036221603155634, 
0.00115418235417232, -0.000181809255899777, -0.00160375649416992, 
-0.000333048503229463, -0.000354446182992719, 0.000395099540117368, 
0.000609624345978794, 0.000168090587874675, -1.13118932002277e-07, 
2.86251170424618e-05, 8.82586171713888e-05, 0.000194303172858358, 
0.000144754861518966, -0.000294947528856802, -1.80211237913409e-06, 
1.43911503795533e-06, -1.89236364796604e-06, -0.0154860912995121, 
0.016532894168566, -0.0167526008813788, 0.00873719680229318, 
0.00276035913925481, -0.00873332392027878, 0.000599594194353428, 
0.000264264830123914, 0.0010681685071731, 0.000333481310854168, 
-0.00102590782691956, 0.000730642696786041, -0.00106674417103497, 
0.00115418235418474, 0.000381153036016996, -4.55198729458705e-05, 
-0.000532702639756234, -0.000768655268409144, -0.000819897506035614, 
0.000904806304729555, 0.0014070907797317, 0.000384534018910109, 
-5.64431236691789e-06, 6.44937654935169e-05, 0.000194303172840427, 
0.000439023799089106, 0.000335456244448234, -0.000684879185244679, 
-2.45978519609381e-06, 1.47984346415695e-06, -2.52429952513423e-06, 
-0.00591112522719833, 0.00578381630956391, -0.00631719861811533, 
0.00324171380886047, 0.000837193910324324, -0.00324102585863084, 
-0.000128292709300276, -7.54366093690759e-05, -0.000139863102726254, 
3.52257450820513e-07, 0.000183052733991436, -0.000120044796600667, 
0.000177292108848216, -0.00018180925591123, -4.55198729253303e-05, 
2.06457545643872e-05, 6.03844091676745e-05, -0.000599063134120834, 
-0.000640329774105023, 0.000700166979895099, 0.00109674103827787, 
0.000297251207157476, -8.22711235320108e-06, 4.91291882820348e-05, 
0.000144754861448524, 0.000335456244392071, 0.000262423743004236, 
-0.000536751825356147, -1.65872357935956e-06, 8.75117663567244e-07, 
-1.687992636343e-06, -0.000119839971476246, -0.000357958382973875, 
-7.65149765579107e-05, -1.82406510658077e-05, -0.000177096858986188, 
8.895109348561e-06, -0.000825876544811014, -0.000359969122439289, 
-0.00149031898485015, -0.000474721004559697, 0.00142090911933949, 
-0.00101413327543857, 0.00148026827119446, -0.00160375649487502, 
-0.000532702639106075, 6.0384409289205e-05, 0.000745226322078035, 
0.00122494511102584, 0.00130953824482838, -0.00143090334922934, 
-0.00224260798892313, -0.000607419491026809, 1.74202776044863e-05, 
-0.000100271039123079, -0.000294947530072014, -0.000684879186843892, 
-0.000536751823927585, 0.00109801090194859, 3.85533189869591e-06, 
-2.29301967667883e-06, 3.95498767514459e-06, 0.00841609535718228, 
-0.0081384908616615, 0.00902985265780426, -0.00459896235838399, 
-0.00115555180522136, 0.00462174442675194, 0.00136835930705967, 
0.00146213561126271, -0.00160109442518752, -0.00250509026155781, 
-0.000679858420283038, 1.74135928772796e-05, -0.000112636410134256, 
-0.00033304850313056, -0.000768655268388424, -0.000599063134087883, 
0.00122494511118915, 0.0843839425442431, 0.0627966556250185, 
-0.0345074026954086, -0.0990173390577051, -0.0744356473501772, 
