structure(c(2.2467044701312, -0.0370418997365676, 0.260599569890088, 
3.06172387043036, -0.0508525261406186, 0.357760982409427, -0.126460114523078, 
-0.10026592065548, -0.0376392593054661, 1.01576902418976, 0.799522741264262, 
0.55760422284751, 0.951194528786529, 0.519324249783408, 0.217519255182765, 
-0.0370418997626176, 0.0526593209491512, -0.370472262158392, 
-0.0508525261757481, 0.0779980606382066, -0.548737003208052, 
0.0124963517414057, 0.00582976763598354, 0.148564258341595, -0.0850541962209495, 
-0.0428977215027368, -0.904155691284733, -0.0293684485248511, 
-0.0113446467906731, -0.324297672361515, 0.26059956995785, -0.370472262142015, 
2.60637043070148, 0.357760982497469, -0.548737003185678, 3.86051007183542, 
-0.0879151423607775, -0.041013958491627, -1.04518888337308, 0.598378784769463, 
0.301796826042404, 6.36097462411226, 0.206614809347052, 0.0798125931509254, 
2.28151996877411, 3.06172387039686, -0.0508525261392067, 0.357760982399574, 
4.19705147121436, -0.0682956617544237, 0.480478058769459, -0.176298610278064, 
-0.14020335325151, -0.0413547927751272, 1.3938396673766, 1.09825490051649, 
0.74180770222384, 1.30799477067882, 0.710228164568818, 0.296050039973012, 
-0.050852526120974, 0.0779980606347078, -0.548737003183248, -0.068295661732103, 
0.11609660547962, -0.816770351111794, 0.0184425935406066, 0.00845515056028855, 
0.224295804044881, -0.12441565579209, -0.0619821073015652, -1.34836804437473, 
-0.0415435288789637, -0.0157792363993044, -0.481245742450305, 
0.357760982350018, -0.548737003185777, 3.86051007183572, 0.480478058695626, 
-0.816770351115831, 5.74619562477742, -0.129748527437655, -0.0594842223269265, 
-1.57798035409069, 0.875297072194845, 0.436060531972618, 9.48612611443431, 
0.292269722538608, 0.111011104956511, 3.38569118718603, -0.126460114519911, 
0.0124963517395735, -0.0879151423573596, -0.176298610276139, 
0.0184425935409222, -0.12974852744057, 0.0102584938230386, 0.00727826239902769, 
0.0328693570752108, -0.073131697098835, -0.0525929652432133, 
-0.212736546366351, -0.0586781996881216, -0.0302180552958694, 
-0.0764508021872655, -0.100265920652809, 0.00582976763483729, 
-0.0410139584902952, -0.140203353249937, 0.00845515056083016, 
-0.0594842223314071, 0.00727826239909581, 0.00544080117890795, 
0.0135380508883815, -0.0525929652434599, -0.0394193468602082, 
-0.0965459647400578, -0.0455130644833947, -0.0237709736765712, 
-0.0353098797699851, -0.0376392593077265, 0.148564258336908, 
-1.04518888337159, -0.0413547927787757, 0.224295804044849, -1.57798035408327, 
0.0328693570754895, 0.0135380508881449, 0.451427799828924, -0.212736546368486, 
-0.0965459647386418, -2.61913615470124, -0.0530117403569604, 
-0.0159287321799365, -0.921410785747881, 1.01576902418126, -0.0850541962065165, 
0.598378784738192, 1.39383966738199, -0.124415655798951, 0.875297072217535, 
-0.0731316970998085, -0.0525929652439466, -0.21273654636774, 
0.553825600592094, 0.404207378108986, 1.42944839472418, 0.453410019886597, 
0.239452391696606, 0.519161169600621, 0.799522741249338, -0.0428977214921661, 
0.301796826016571, 1.09825490050921, -0.0619821073068871, 0.436060531990124, 
-0.0525929652434819, -0.0394193468602917, -0.096545964737669, 
0.404207378105191, 0.304519610658086, 0.706331539492245, 0.350644898788479, 
0.187282231866883, 0.260074371112051, 0.557604222842241, -0.904155691243521, 
6.36097462407118, 0.741807702236803, -1.34836804437161, 9.48612611436384, 
-0.212736546366984, -0.0965459647378313, -2.6191361546888, 1.42944839472204, 
0.706331539495065, 15.6716442160953, 0.466972033137617, 0.175151027948802, 
5.58325327010989, 0.951194528789286, -0.0293684485133544, 0.206614809319884, 
1.30799477069772, -0.0415435288856032, 0.292269722565421, -0.0586781996895879, 
-0.0455130644844553, -0.0530117403565957, 0.453410019891351, 
0.350644898795723, 0.466972033140068, 0.412633870118966, 0.221834222025606, 
0.175557636727556, 0.519324249779079, -0.011344646784458, 0.0798125931339743, 
0.710228164570734, -0.0157792364033275, 0.111011104968808, -0.0302180552963161, 
-0.0237709736769339, -0.0159287321791797, 0.239452391696382, 
0.187282231868674, 0.175151027947165, 0.221834222023026, 0.120491505334036, 
0.0671497386341886, 0.217519255957606, -0.324297672440198, 2.28151996942276, 
0.296050040974164, -0.481245742587811, 3.38569118813076, -0.0764508022331495, 
-0.0353098797989024, -0.921410785988095, 0.519161170027914, 0.260074371410992, 
5.58325327169233, 0.175557637044963, 0.0671497388147041, 2.00000000055095
), .Dim = c(15L, 15L))
